a:                                7.0
c:                                0.000001
niters:                           700
method:                           fdsa
function:                         1
convergence:                      0.000000001
